1.0	0.3669702112674713
1.0	0.3707485795021057
1.0	0.3762643337249756
1.0	0.3904111683368683
1.0	0.38008543848991394
1.0	0.379709392786026
1.0	0.41933101415634155
1.0	0.4105709195137024
1.0	0.39146071672439575
1.0	0.40349099040031433
1.0	0.4212171733379364
1.0	0.4016413986682892
1.0	0.3953798711299896
1.0	0.4065665304660797
1.0	0.382389634847641
1.0	0.3754257261753082
1.0	0.3032167851924896
1.0	0.3040391206741333
1.0	0.31770163774490356
1.0	0.3060646653175354
1.0	0.3155367374420166
1.0	0.3250439465045929
1.0	0.3324064314365387
1.0	0.3479953110218048
1.0	0.33170878887176514
1.0	0.33618345856666565
1.0	0.352998286485672
1.0	0.35968509316444397
1.0	0.39097726345062256
1.0	0.407869815826416
1.0	0.405630886554718
1.0	0.36200129985809326
1.0	0.3791917562484741
1.0	0.3742036521434784
1.0	0.38059595227241516
1.0	0.4175473153591156
1.0	0.39040032029151917
1.0	0.37951382994651794
1.0	0.3554566204547882
1.0	0.35063469409942627
1.0	0.35187777876853943
1.0	0.3267451822757721
1.0	0.3540593981742859
1.0	0.308366596698761
1.0	0.3161351680755615
1.0	0.3311249911785126
1.0	0.3392508029937744
1.0	0.33176204562187195
1.0	0.3285088539123535
1.0	0.3400505781173706
1.0	0.40132343769073486
1.0	0.40571680665016174
1.0	0.4127276539802551
1.0	0.382935494184494
1.0	0.3848226070404053
1.0	0.35901808738708496
1.0	0.36484435200691223
1.0	0.38341471552848816
1.0	0.3622538447380066
1.0	0.33642956614494324
1.0	0.3319278359413147
1.0	0.32725977897644043
1.0	0.3065427243709564
1.0	0.3310917615890503
1.0	0.33231669664382935
1.0	0.3142646849155426
1.0	0.35431018471717834
1.0	0.3479302227497101
1.0	0.3425842523574829
1.0	0.3287171423435211
1.0	0.403264582157135
1.0	0.3318527042865753
1.0	0.3404133915901184
1.0	0.3352692425251007
1.0	0.33067506551742554
1.0	0.3469991087913513
0.0	0.30159851908683777
0.0	0.30103984475135803
0.0	0.30626368522644043
0.0	0.30019810795783997
0.0	0.3106842339038849
0.0	0.3087952136993408
0.0	0.3027288615703583
0.0	0.3048877418041229
0.0	0.30763480067253113
0.0	0.31673315167427063
0.0	0.31159013509750366
0.0	0.31240636110305786
0.0	0.3192707300186157
0.0	0.31506460905075073
0.0	0.31919699907302856
0.0	0.3147033751010895
0.0	0.32445451617240906
0.0	0.3278997540473938
0.0	0.3156183362007141
0.0	0.31650984287261963
0.0	0.31637346744537354
0.0	0.31373131275177
0.0	0.3117673993110657
0.0	0.3092230260372162
0.0	0.3089829385280609
0.0	0.3046073913574219
0.0	0.31766316294670105
0.0	0.31281301379203796
0.0	0.3135453462600708
0.0	0.3090605139732361
0.0	0.3187103867530823
0.0	0.32146936655044556
0.0	0.32450535893440247
0.0	0.3359048068523407
0.0	0.34858208894729614
0.0	0.3579949736595154
0.0	0.3438108563423157
0.0	0.34728729724884033
0.0	0.34716299176216125
0.0	0.35069864988327026
0.0	0.3497641682624817
0.0	0.37495532631874084
0.0	0.36678546667099
0.0	0.3887781500816345
0.0	0.3850584924221039
0.0	0.39338892698287964
0.0	0.41557443141937256
0.0	0.40783965587615967
0.0	0.39395225048065186
0.0	0.40114831924438477
0.0	0.42214325070381165
0.0	0.4195115566253662
0.0	0.4126119613647461
0.0	0.41849321126937866
0.0	0.4513697624206543
0.0	0.43055447936058044
0.0	0.42892614006996155
0.0	0.4458054006099701
0.0	0.4171043038368225
0.0	0.3977930247783661
0.0	0.3851141333580017
0.0	0.3720291256904602
0.0	0.35025832056999207
0.0	0.3486475646495819
0.0	0.3291507959365845
0.0	0.303908109664917
0.0	0.3025576174259186
0.0	0.2976680397987366
0.0	0.2949914336204529
0.0	0.2971192002296448
0.0	0.3004283607006073
0.0	0.3006529211997986
0.0	0.29839563369750977
0.0	0.2958940863609314
0.0	0.30273357033729553
0.0	0.30249521136283875
0.0	0.3059655427932739
0.0	0.29632478952407837
0.0	0.2990533411502838
0.0	0.29439401626586914
0.0	0.29464197158813477
0.0	0.29775646328926086
0.0	0.29752862453460693
0.0	0.2935415506362915
0.0	0.2978425920009613
0.0	0.2982965111732483
0.0	0.2946430742740631
0.0	0.2944662868976593
0.0	0.2946279048919678
0.0	0.2939944267272949
0.0	0.2930910587310791
0.0	0.29192036390304565
0.0	0.2914685308933258
0.0	0.2945396900177002
0.0	0.29288607835769653
0.0	0.29241862893104553
0.0	0.29138049483299255
0.0	0.29487520456314087
0.0	0.2919819951057434
0.0	0.2920050323009491
0.0	0.2922433912754059
0.0	0.2913648188114166
0.0	0.2924381494522095
0.0	0.2929893136024475
0.0	0.2917560935020447
0.0	0.2925598621368408
0.0	0.29282811284065247
0.0	0.2923518419265747
0.0	0.27552956342697144
0.0	0.29228830337524414
0.0	0.2863363027572632
0.0	0.28993353247642517
0.0	0.29310569167137146
0.0	0.2893134653568268
0.0	0.29437336325645447
0.0	0.286356121301651
0.0	0.29327353835105896
0.0	0.2929137945175171
0.0	0.2980917990207672
0.0	0.2982863783836365
0.0	0.2962462604045868
0.0	0.3039177358150482
0.0	0.2994110882282257
0.0	0.29870718717575073
0.0	0.3007124364376068
0.0	0.3052538335323334
0.0	0.301200807094574
0.0	0.2981082797050476
0.0	0.3025176525115967
0.0	0.30762073397636414
0.0	0.31215760111808777
0.0	0.3021923005580902
0.0	0.3026920258998871
0.0	0.29747846722602844
0.0	0.2980715334415436
0.0	0.2989243268966675
0.0	0.2942444980144501
0.0	0.2947711944580078
0.0	0.2960262596607208
0.0	0.29916417598724365
0.0	0.29209426045417786
0.0	0.2922104597091675
0.0	0.29466912150382996
0.0	0.28955256938934326
0.0	0.29087796807289124
0.0	0.2909131646156311
0.0	0.29037410020828247
0.0	0.2879701256752014
0.0	0.28755971789360046
0.0	0.2873651087284088
0.0	0.2729611098766327
0.0	0.28744253516197205
0.0	0.2880614995956421
0.0	0.28812798857688904
0.0	0.2882413864135742
0.0	0.28289538621902466
0.0	0.28664129972457886
0.0	0.28730976581573486
0.0	0.2870843708515167
0.0	0.28679323196411133
0.0	0.2872280776500702
0.0	0.28706568479537964
0.0	0.28694769740104675
0.0	0.28692662715911865
0.0	0.2867070436477661
0.0	0.2875887155532837
0.0	0.2880389392375946
0.0	0.28706884384155273
0.0	0.2889903783798218
0.0	0.2859831154346466
0.0	0.28789088129997253
0.0	0.2893594801425934
0.0	0.2897368371486664
0.0	0.29208311438560486
0.0	0.2882285416126251
0.0	0.2884647846221924
0.0	0.28545451164245605
0.0	0.292060524225235
0.0	0.29131537675857544
0.0	0.29278364777565
0.0	0.2927897870540619
0.0	0.2882118821144104
0.0	0.29051488637924194
0.0	0.29011622071266174
0.0	0.2937222123146057
0.0	0.2940811514854431
0.0	0.29393720626831055
0.0	0.29732030630111694
0.0	0.2988210916519165
0.0	0.3142005205154419
0.0	0.2958733141422272
0.0	0.2961968183517456
0.0	0.29706892371177673
0.0	0.29728662967681885
0.0	0.2972663640975952
0.0	0.30446356534957886
0.0	0.2961934208869934
0.0	0.2931913733482361
0.0	0.30124837160110474
0.0	0.29653215408325195
0.0	0.294943243265152
0.0	0.3019237220287323
0.0	0.314514696598053
0.0	0.31012123823165894
0.0	0.3091644048690796
0.0	0.3080711364746094
0.0	0.3212689161300659
0.0	0.3169679343700409
0.0	0.3046298325061798
0.0	0.3000594973564148
0.0	0.3000341057777405
0.0	0.29705870151519775
0.0	0.2964297831058502
0.0	0.29384845495224
0.0	0.2967562973499298
0.0	0.2943439483642578
0.0	0.29816845059394836
0.0	0.2989662289619446
0.0	0.2978658676147461
0.0	0.29893413186073303
0.0	0.2964717447757721
0.0	0.2925448715686798
0.0	0.2960854768753052
0.0	0.29324913024902344
0.0	0.29280751943588257
0.0	0.29189449548721313
0.0	0.29292359948158264
0.0	0.29471880197525024
0.0	0.2927929162979126
0.0	0.293614000082016
0.0	0.29557904601097107
0.0	0.29451343417167664
0.0	0.2954115569591522
0.0	0.2931283712387085
0.0	0.2997792065143585
0.0	0.2833910882472992
0.0	0.30451250076293945
0.0	0.29130783677101135
0.0	0.29189160466194153
0.0	0.29023855924606323
0.0	0.29250019788742065
0.0	0.29212814569473267
0.0	0.29377031326293945
0.0	0.29665878415107727
0.0	0.3017086982727051
0.0	0.29556038975715637
0.0	0.2999805808067322
0.0	0.30215027928352356
0.0	0.298872172832489
0.0	0.3074758052825928
0.0	0.3062789738178253
0.0	0.3104635775089264
0.0	0.32119855284690857
0.0	0.29878923296928406
0.0	0.2958412766456604
0.0	0.3163573741912842
0.0	0.3059392273426056
0.0	0.305850088596344
0.0	0.30637842416763306
0.0	0.3058696389198303
0.0	0.2974871098995209
0.0	0.29798004031181335
0.0	0.2999992370605469
0.0	0.29820433259010315
0.0	0.3047853410243988
0.0	0.29786697030067444
0.0	0.3054158389568329
0.0	0.3006172776222229
0.0	0.30104613304138184
0.0	0.2986053228378296
0.0	0.30142876505851746
0.0	0.29939907789230347
0.0	0.2973887622356415
0.0	0.2955937683582306
0.0	0.2957439422607422
0.0	0.3004758059978485
0.0	0.29752016067504883
0.0	0.3128232955932617
0.0	0.3348824381828308
0.0	0.336007297039032
0.0	0.3239199221134186
0.0	0.31608784198760986
0.0	0.31345683336257935
0.0	0.30895093083381653
0.0	0.31171584129333496
0.0	0.30958762764930725
0.0	0.31672489643096924
0.0	0.31879714131355286
0.0	0.299971342086792
0.0	0.30822184681892395
0.0	0.30816948413848877
0.0	0.31180042028427124
0.0	0.3145221173763275
0.0	0.3064582347869873
0.0	0.3058001697063446
0.0	0.31247201561927795
0.0	0.3013889193534851
0.0	0.31053659319877625
0.0	0.31322458386421204
0.0	0.32114073634147644
0.0	0.32050856947898865
0.0	0.326680988073349
0.0	0.31405970454216003
0.0	0.3197766840457916
0.0	0.31772580742836
0.0	0.3368503451347351
0.0	0.34133607149124146
0.0	0.358236700296402
0.0	0.3448959290981293
0.0	0.37374526262283325
0.0	0.3720320761203766
0.0	0.3604872226715088
0.0	0.3559446930885315
0.0	0.35223886370658875
0.0	0.3455265164375305
0.0	0.34415140748023987
0.0	0.3678164482116699
0.0	0.36561664938926697
0.0	0.3974425196647644
0.0	0.38480374217033386
0.0	0.3624562919139862
0.0	0.35308900475502014
0.0	0.37337303161621094
0.0	0.3797154128551483
0.0	0.3763160705566406
0.0	0.36122873425483704
0.0	0.37301090359687805
0.0	0.36975952982902527
0.0	0.3887697756290436
0.0	0.37017837166786194
0.0	0.3405357003211975
0.0	0.32981356978416443
0.0	0.31667831540107727
0.0	0.31659919023513794
0.0	0.30272743105888367
0.0	0.30361974239349365
0.0	0.31186041235923767
0.0	0.3032611608505249
0.0	0.31440651416778564
0.0	0.3049723505973816
0.0	0.30121293663978577
0.0	0.3267400860786438
0.0	0.33034881949424744
0.0	0.31405210494995117
0.0	0.3064398169517517
0.0	0.3087329566478729
0.0	0.3248724341392517
0.0	0.3022387623786926
0.0	0.30422839522361755
0.0	0.3000531494617462
0.0	0.2990260720252991
0.0	0.28990593552589417
0.0	0.28951743245124817
0.0	0.29301905632019043
0.0	0.2920581102371216
0.0	0.29450345039367676
0.0	0.29056236147880554
0.0	0.2931939661502838
0.0	0.2952538728713989
0.0	0.2963408827781677
0.0	0.30281952023506165
0.0	0.30333057045936584
0.0	0.3100440800189972
0.0	0.31886473298072815
0.0	0.327873170375824
0.0	0.30580419301986694
0.0	0.3024820387363434
0.0	0.31985369324684143
0.0	0.31067049503326416
0.0	0.30036723613739014
0.0	0.30303505063056946
0.0	0.2962214946746826
0.0	0.2981402575969696
0.0	0.2933863699436188
0.0	0.29968351125717163
0.0	0.3094870150089264
0.0	0.3119112253189087
0.0	0.3049991726875305
0.0	0.30520695447921753
0.0	0.3251397907733917
0.0	0.3185621201992035
0.0	0.30957484245300293
0.0	0.31010901927948
0.0	0.31954512000083923
0.0	0.317671000957489
0.0	0.3036500811576843
0.0	0.3119495213031769
0.0	0.3247833847999573
0.0	0.36020147800445557
0.0	0.38293445110321045
0.0	0.3492210805416107
0.0	0.3585619330406189
0.0	0.3596906363964081
0.0	0.36770305037498474
0.0	0.36501556634902954
0.0	0.3601156771183014
0.0	0.36004704236984253
0.0	0.3698035776615143
0.0	0.38205936551094055
0.0	0.41539010405540466
0.0	0.38115060329437256
0.0	0.36070412397384644
0.0	0.3646765649318695
0.0	0.34801265597343445
0.0	0.33636611700057983
0.0	0.3269781172275543
0.0	0.33566808700561523
0.0	0.3214048147201538
0.0	0.3234025537967682
0.0	0.3375151753425598
0.0	0.317989319562912
0.0	0.33602917194366455
0.0	0.3526715636253357
0.0	0.34807732701301575
0.0	0.32683977484703064
0.0	0.3406035602092743
0.0	0.3492598533630371
0.0	0.34921473264694214
0.0	0.38039568066596985
0.0	0.37422817945480347
0.0	0.3811597228050232
0.0	0.369231641292572
0.0	0.37138205766677856
0.0	0.3626905083656311
0.0	0.3564007878303528
0.0	0.31430771946907043
0.0	0.32377535104751587
0.0	0.3236067593097687
0.0	0.3167213797569275
0.0	0.31194260716438293
0.0	0.3135065734386444
0.0	0.3135082721710205
0.0	0.31663212180137634
0.0	0.43521997332572937
0.0	0.3849179744720459
0.0	0.425702303647995
0.0	0.39855438470840454
0.0	0.4202425479888916
0.0	0.37379470467567444
0.0	0.36746665835380554
0.0	0.3589761555194855
0.0	0.38008636236190796
0.0	0.37503623962402344
0.0	0.36469921469688416
0.0	0.3533512353897095
0.0	0.38338908553123474
0.0	0.41121163964271545
0.0	0.4269343614578247
0.0	0.40061071515083313
0.0	0.36419299244880676
0.0	0.35834309458732605
0.0	0.36592739820480347
0.0	0.3308204412460327
0.0	0.32120001316070557
0.0	0.34232696890830994
0.0	0.31467536091804504
0.0	0.30945128202438354
0.0	0.3104226887226105
0.0	0.3209385275840759
0.0	0.3224915564060211
0.0	0.329771488904953
0.0	0.32513758540153503
0.0	0.34070703387260437
0.0	0.339497834444046
0.0	0.3372332751750946
0.0	0.3187844455242157
0.0	0.3228582441806793
0.0	0.3423852026462555
0.0	0.3179790675640106
0.0	0.3413636088371277
0.0	0.3404157757759094
0.0	0.33737263083457947
0.0	0.31023937463760376
0.0	0.31468576192855835
0.0	0.3528672158718109
0.0	0.34759795665740967
0.0	0.35783201456069946
0.0	0.3343098759651184
0.0	0.37969785928726196
0.0	0.38202524185180664
0.0	0.4050321578979492
0.0	0.3622007966041565
0.0	0.377001017332077
0.0	0.37479373812675476
0.0	0.38504278659820557
0.0	0.3392936587333679
0.0	0.35893940925598145
0.0	0.3434644639492035
0.0	0.3334302008152008
0.0	0.3266376852989197
0.0	0.3302508592605591
0.0	0.3361870348453522
0.0	0.3213440179824829
0.0	0.3264505863189697
0.0	0.3321153521537781
0.0	0.34785178303718567
0.0	0.32387223839759827
0.0	0.33684003353118896
0.0	0.36235713958740234
0.0	0.3595576584339142
0.0	0.3510701060295105
0.0	0.3512395918369293
0.0	0.36161312460899353
0.0	0.3463251292705536
0.0	0.35568967461586
0.0	0.35328832268714905
0.0	0.3425770103931427
0.0	0.3556859791278839
0.0	0.34236940741539
0.0	0.3199172914028168
0.0	0.3210638761520386
0.0	0.3095913529396057
0.0	0.31893396377563477
0.0	0.3126049041748047
0.0	0.320097416639328
0.0	0.32756173610687256
0.0	0.3206218183040619
0.0	0.3088473677635193
0.0	0.3163229823112488
0.0	0.31396040320396423
0.0	0.31793832778930664
0.0	0.3072129189968109
0.0	0.3074575662612915
0.0	0.30421745777130127
0.0	0.3083076477050781
0.0	0.3107469379901886
0.0	0.32416123151779175
0.0	0.31795600056648254
0.0	0.3406039774417877
0.0	0.3531613349914551
0.0	0.3328709006309509
0.0	0.33720114827156067
0.0	0.32676780223846436
0.0	0.3458048403263092
0.0	0.3354478180408478
0.0	0.3390096426010132
0.0	0.34219008684158325
0.0	0.3358028531074524
0.0	0.3421342968940735
0.0	0.33766424655914307
0.0	0.3144841492176056
0.0	0.31131038069725037
0.0	0.3044600188732147
0.0	0.30350905656814575
0.0	0.30549731850624084
0.0	0.30246999859809875
0.0	0.3158402144908905
0.0	0.3287082314491272
0.0	0.31559011340141296
0.0	0.3233223259449005
0.0	0.32666075229644775
0.0	0.3285885751247406
0.0	0.33929142355918884
0.0	0.32844263315200806
0.0	0.3296208083629608
0.0	0.33477455377578735
0.0	0.33566632866859436
0.0	0.3271513283252716
0.0	0.327988862991333
0.0	0.37836799025535583
0.0	0.37131839990615845
0.0	0.39757418632507324
0.0	0.40194037556648254
0.0	0.41338589787483215
0.0	0.4176315665245056
0.0	0.4180196523666382
0.0	0.4126385450363159
0.0	0.38844817876815796
0.0	0.40522605180740356
0.0	0.3706819713115692
0.0	0.36853328347206116
0.0	0.38193845748901367
0.0	0.3985191881656647
0.0	0.40120550990104675
0.0	0.3945472538471222
0.0	0.3735593259334564
0.0	0.3736134469509125
0.0	0.3765157163143158
0.0	0.3559887409210205
0.0	0.3534311354160309
0.0	0.3409281075000763
0.0	0.38094809651374817
0.0	0.3935628831386566
0.0	0.3265369236469269
0.0	0.3107719421386719
0.0	0.3067956566810608
0.0	0.302900493144989
0.0	0.30561918020248413
0.0	0.3149013817310333
0.0	0.3057660162448883
0.0	0.3085252642631531
0.0	0.31544744968414307
0.0	0.31391313672065735
0.0	0.3226122260093689
0.0	0.3274918496608734
0.0	0.31457361578941345
0.0	0.3206590712070465
0.0	0.32369962334632874
0.0	0.3129657804965973
0.0	0.3084491193294525
0.0	0.3183193504810333
0.0	0.30272984504699707
0.0	0.31683072447776794
0.0	0.32108739018440247
0.0	0.31965944170951843
0.0	0.3160739243030548
0.0	0.32460924983024597
0.0	0.3279725909233093
0.0	0.32983362674713135
0.0	0.32879117131233215
0.0	0.3241041898727417
0.0	0.3345365524291992
0.0	0.33183369040489197
0.0	0.3367817997932434
0.0	0.34133180975914
0.0	0.35230693221092224
0.0	0.35374805331230164
0.0	0.35084253549575806
0.0	0.3541916310787201
0.0	0.35591554641723633
0.0	0.3546975553035736
0.0	0.35640379786491394
0.0	0.350934237241745
0.0	0.35534143447875977
0.0	0.3474769592285156
0.0	0.3423679769039154
0.0	0.3319663107395172
0.0	0.3516042232513428
0.0	0.349741131067276
0.0	0.3446913957595825
0.0	0.34672024846076965
0.0	0.34605300426483154
0.0	0.3435249328613281
0.0	0.31997591257095337
0.0	0.30290573835372925
0.0	0.3017987906932831
0.0	0.31615421175956726
0.0	0.3241145610809326
0.0	0.3309260308742523
0.0	0.32115450501441956
0.0	0.33021649718284607
0.0	0.32703641057014465
0.0	0.3430250883102417
0.0	0.30360573530197144
0.0	0.3153219521045685
0.0	0.33333370089530945
0.0	0.34080034494400024
0.0	0.333678275346756
0.0	0.33883798122406006
0.0	0.3372056186199188
0.0	0.3094967305660248
0.0	0.2590307593345642
0.0	0.2438138872385025
0.0	0.26130855083465576
0.0	0.27040186524391174
0.0	0.2886688709259033
0.0	0.28970450162887573
0.0	0.30498677492141724
0.0	0.33594441413879395
0.0	0.3075755536556244
0.0	0.3046891987323761
0.0	0.2968462109565735
0.0	0.3039363622665405
0.0	0.2951001524925232
0.0	0.2790977954864502
0.0	0.33414921164512634
0.0	0.31109845638275146
0.0	0.3193027973175049
0.0	0.31724563241004944
0.0	0.3230303227901459
0.0	0.32708317041397095
0.0	0.3335654139518738
0.0	0.3178352415561676
0.0	0.3247680068016052
0.0	0.33266136050224304
0.0	0.33664724230766296
0.0	0.32107821106910706
0.0	0.3095044493675232
0.0	0.29144468903541565
0.0	0.30523672699928284
0.0	0.30820363759994507
0.0	0.2892436683177948
0.0	0.2929346263408661
0.0	0.2922416031360626
0.0	0.3093690574169159
0.0	0.30509814620018005
0.0	0.3081727921962738
0.0	0.3015327453613281
0.0	0.35786476731300354
0.0	0.37806814908981323
0.0	0.35907572507858276
0.0	0.3534811735153198
0.0	0.3513210415840149
0.0	0.3760196566581726
0.0	0.39721590280532837
0.0	0.3912137746810913
0.0	0.4114427864551544
0.0	0.4315747320652008
0.0	0.4363103210926056
0.0	0.4358299970626831
0.0	0.44643697142601013
0.0	0.43891972303390503
0.0	0.4340294897556305
0.0	0.4554031193256378
0.0	0.43301621079444885
0.0	0.4300099015235901
0.0	0.41868749260902405
0.0	0.4051605761051178
0.0	0.39585477113723755
0.0	0.3899780809879303
0.0	0.37540945410728455
0.0	0.3683321475982666
0.0	0.34412211179733276
0.0	0.3213445544242859
0.0	0.3272131681442261
0.0	0.3438965976238251
0.0	0.33020418882369995
0.0	0.35002097487449646
0.0	0.3168560862541199
0.0	0.3252770006656647
0.0	0.32900726795196533
0.0	0.33657458424568176
0.0	0.33823785185813904
0.0	0.3358173966407776
0.0	0.3103714883327484
0.0	0.3078975975513458
0.0	0.3016967475414276
0.0	0.29374971985816956
0.0	0.29612115025520325
0.0	0.2948259115219116
0.0	0.2956710457801819
0.0	0.2943635880947113
0.0	0.3009573817253113
0.0	0.30249834060668945
0.0	0.3107773959636688
0.0	0.3173271417617798
0.0	0.30909913778305054
0.0	0.3159258961677551
0.0	0.33097872138023376
0.0	0.3320203125476837
0.0	0.32212206721305847
0.0	0.3461915850639343
0.0	0.3353957533836365
0.0	0.333930641412735
0.0	0.3209005296230316
0.0	0.33674362301826477
0.0	0.32916197180747986
0.0	0.3580723702907562
0.0	0.3554314076900482
0.0	0.3406354784965515
0.0	0.3512616753578186
0.0	0.35097506642341614
0.0	0.34379491209983826
0.0	0.35212889313697815
0.0	0.35886865854263306
0.0	0.35725849866867065
0.0	0.3700810670852661
0.0	0.37506812810897827
0.0	0.38603752851486206
0.0	0.4093552231788635
0.0	0.42023974657058716
0.0	0.3852904736995697
0.0	0.37465518712997437
0.0	0.3838868737220764
0.0	0.36180102825164795
0.0	0.3523029088973999
0.0	0.3517892360687256
0.0	0.3563525080680847
0.0	0.3441530466079712
0.0	0.3273451328277588
0.0	0.3389976918697357
0.0	0.3500480055809021
0.0	0.3581305146217346
0.0	0.33573469519615173
0.0	0.3336152136325836
0.0	0.3536017835140228
0.0	0.36447539925575256
0.0	0.36182287335395813
0.0	0.35701096057891846
0.0	0.3605535924434662
0.0	0.36841145157814026
0.0	0.34892112016677856
0.0	0.36449483036994934
0.0	0.35873734951019287
0.0	0.36483103036880493
0.0	0.3453880250453949
0.0	0.3730364143848419
0.0	0.35260331630706787
0.0	0.33947882056236267
0.0	0.37460291385650635
0.0	0.3806333839893341
0.0	0.40567469596862793
0.0	0.38976168632507324
0.0	0.4064944386482239
0.0	0.3723498284816742
0.0	0.36308613419532776
0.0	0.3618389964103699
0.0	0.33267447352409363
0.0	0.34177327156066895
0.0	0.35023173689842224
0.0	0.3352940082550049
0.0	0.33719733357429504
0.0	0.3396260142326355
0.0	0.34439191222190857
0.0	0.32104066014289856
0.0	0.32955920696258545
0.0	0.3345637917518616
0.0	0.33405858278274536
0.0	0.3442297577857971
0.0	0.31886768341064453
0.0	0.3375142216682434
0.0	0.34080636501312256
0.0	0.35784628987312317
