1.0	0.444648802280426
1.0	0.458595335483551
1.0	0.44136330485343933
1.0	0.44408249855041504
1.0	0.42829033732414246
1.0	0.3898715078830719
1.0	0.4445798993110657
1.0	0.4704548418521881
1.0	0.4439619779586792
1.0	0.46171557903289795
1.0	0.4923000931739807
1.0	0.4711366593837738
1.0	0.46799182891845703
1.0	0.4863555133342743
1.0	0.4261470139026642
1.0	0.43213123083114624
1.0	0.39644351601600647
1.0	0.4014660120010376
1.0	0.4029344618320465
1.0	0.40371719002723694
1.0	0.4149847626686096
1.0	0.41768044233322144
1.0	0.40141382813453674
1.0	0.4127212166786194
1.0	0.4188542068004608
1.0	0.4282510280609131
1.0	0.428742378950119
1.0	0.4485660195350647
1.0	0.4640033543109894
1.0	0.465969055891037
1.0	0.4632374048233032
1.0	0.4505068361759186
1.0	0.46368706226348877
1.0	0.47697868943214417
1.0	0.472616046667099
1.0	0.502327561378479
1.0	0.4849405586719513
1.0	0.4752393364906311
1.0	0.45160627365112305
1.0	0.4466983377933502
1.0	0.4485326409339905
1.0	0.43017396330833435
1.0	0.44865188002586365
1.0	0.40391701459884644
1.0	0.4123489260673523
1.0	0.41335728764533997
1.0	0.41812604665756226
1.0	0.41636574268341064
1.0	0.41633138060569763
1.0	0.4222925007343292
1.0	0.5025267601013184
1.0	0.5086435079574585
1.0	0.5111792087554932
1.0	0.5002216100692749
1.0	0.5014808177947998
1.0	0.4828525185585022
1.0	0.4808858335018158
1.0	0.4890875816345215
1.0	0.48184868693351746
1.0	0.4635010361671448
1.0	0.4681009352207184
1.0	0.4441229999065399
1.0	0.4313804805278778
1.0	0.43378350138664246
1.0	0.4391423761844635
1.0	0.42419689893722534
1.0	0.5080409646034241
1.0	0.4741218388080597
1.0	0.4738352596759796
1.0	0.4380142390727997
1.0	0.49052754044532776
1.0	0.4152427017688751
1.0	0.4176328480243683
1.0	0.41333332657814026
1.0	0.4053225815296173
1.0	0.4391671419143677
0.0	0.3980124592781067
0.0	0.4012449085712433
0.0	0.39854955673217773
0.0	0.3971393406391144
0.0	0.3999479115009308
0.0	0.40239906311035156
0.0	0.39450353384017944
0.0	0.39913302659988403
0.0	0.40123850107192993
0.0	0.4046824872493744
0.0	0.4039379358291626
0.0	0.4029504656791687
0.0	0.4025498032569885
0.0	0.4067378640174866
0.0	0.40615105628967285
0.0	0.40289583802223206
0.0	0.40801605582237244
0.0	0.4082469344139099
0.0	0.4045420289039612
0.0	0.4091416597366333
0.0	0.40770184993743896
0.0	0.40684476494789124
0.0	0.4057866036891937
0.0	0.40496760606765747
0.0	0.4020514488220215
0.0	0.3988743722438812
0.0	0.407798171043396
0.0	0.4042574465274811
0.0	0.40591636300086975
0.0	0.40801751613616943
0.0	0.4153328239917755
0.0	0.4243859052658081
0.0	0.4314163029193878
0.0	0.4335775375366211
0.0	0.4426991641521454
0.0	0.44996485114097595
0.0	0.43676307797431946
0.0	0.4386754035949707
0.0	0.4275049567222595
0.0	0.43721041083335876
0.0	0.43774357438087463
0.0	0.45713526010513306
0.0	0.44286081194877625
0.0	0.41983848810195923
0.0	0.4406817555427551
0.0	0.4345434904098511
0.0	0.46143725514411926
0.0	0.46195438504219055
0.0	0.4556732177734375
0.0	0.43746739625930786
0.0	0.4281006157398224
0.0	0.4576129615306854
0.0	0.44612962007522583
0.0	0.4646427631378174
0.0	0.48793092370033264
0.0	0.4663405120372772
0.0	0.4438400864601135
0.0	0.4751151502132416
0.0	0.43179216980934143
0.0	0.4372124671936035
0.0	0.4403763711452484
0.0	0.4231889545917511
0.0	0.4092012345790863
0.0	0.3697255849838257
0.0	0.34974804520606995
0.0	0.3954932689666748
0.0	0.39200499653816223
0.0	0.4014078974723816
0.0	0.3971259891986847
0.0	0.3905790448188782
0.0	0.3984510898590088
0.0	0.39707857370376587
0.0	0.3934544324874878
0.0	0.3917590379714966
0.0	0.3976108431816101
0.0	0.3941105008125305
0.0	0.3893565237522125
0.0	0.38498246669769287
0.0	0.39053401350975037
0.0	0.38693055510520935
0.0	0.38795337080955505
0.0	0.38686418533325195
0.0	0.3877488970756531
0.0	0.3852422833442688
0.0	0.3931618928909302
0.0	0.3892553150653839
0.0	0.3900313079357147
0.0	0.3881085216999054
0.0	0.38966476917266846
0.0	0.3861754238605499
0.0	0.38959571719169617
0.0	0.3862471580505371
0.0	0.38218846917152405
0.0	0.38799363374710083
0.0	0.38595545291900635
0.0	0.38700321316719055
0.0	0.3845069408416748
0.0	0.3889862596988678
0.0	0.3887579143047333
0.0	0.3795616328716278
0.0	0.3830551505088806
0.0	0.384147584438324
0.0	0.38976067304611206
0.0	0.38870376348495483
0.0	0.387734055519104
0.0	0.386057585477829
0.0	0.38748249411582947
0.0	0.3806322515010834
0.0	0.36577457189559937
0.0	0.3881123960018158
0.0	0.37378326058387756
0.0	0.3817797005176544
0.0	0.35744500160217285
0.0	0.3751823306083679
0.0	0.3756057024002075
0.0	0.3617914021015167
0.0	0.38164979219436646
0.0	0.3813820779323578
0.0	0.38785699009895325
0.0	0.391307532787323
0.0	0.3897565007209778
0.0	0.3918670117855072
0.0	0.3969520926475525
0.0	0.3920632600784302
0.0	0.3949068784713745
0.0	0.40025758743286133
0.0	0.3991212248802185
0.0	0.3979912996292114
0.0	0.39890676736831665
0.0	0.39970535039901733
0.0	0.4071097671985626
0.0	0.3911389708518982
0.0	0.3973493278026581
0.0	0.39038318395614624
0.0	0.40018990635871887
0.0	0.39203763008117676
0.0	0.3787372410297394
0.0	0.38755467534065247
0.0	0.3909534215927124
0.0	0.396279513835907
0.0	0.39126643538475037
0.0	0.3850442171096802
0.0	0.39775168895721436
0.0	0.3885178864002228
0.0	0.38008928298950195
0.0	0.38549795746803284
0.0	0.39103826880455017
0.0	0.38156184554100037
0.0	0.3843499720096588
0.0	0.3853972256183624
0.0	0.3610934317111969
0.0	0.38290536403656006
0.0	0.3781583905220032
0.0	0.3843821585178375
0.0	0.3840901851654053
0.0	0.38212135434150696
0.0	0.383796364068985
0.0	0.3806496262550354
0.0	0.384175181388855
0.0	0.38498738408088684
0.0	0.38259458541870117
0.0	0.38211098313331604
0.0	0.38360175490379333
0.0	0.38411253690719604
0.0	0.38382142782211304
0.0	0.3834187984466553
0.0	0.38417887687683105
0.0	0.3800015449523926
0.0	0.38480544090270996
0.0	0.3861770033836365
0.0	0.38628390431404114
0.0	0.38541072607040405
0.0	0.386859655380249
0.0	0.38713857531547546
0.0	0.3849288523197174
0.0	0.38553687930107117
0.0	0.3853392004966736
0.0	0.3916696310043335
0.0	0.3892723023891449
0.0	0.39534372091293335
0.0	0.3826774060726166
0.0	0.3837204575538635
0.0	0.38641443848609924
0.0	0.38748815655708313
0.0	0.3904077708721161
0.0	0.39073294401168823
0.0	0.3888671100139618
0.0	0.39205971360206604
0.0	0.39171215891838074
0.0	0.40013939142227173
0.0	0.39001739025115967
0.0	0.3916570842266083
0.0	0.3968844711780548
0.0	0.40008416771888733
0.0	0.39288434386253357
0.0	0.40708160400390625
0.0	0.3950524628162384
0.0	0.3897845447063446
0.0	0.39090967178344727
0.0	0.3948676884174347
0.0	0.3849458694458008
0.0	0.40136823058128357
0.0	0.4312969446182251
0.0	0.4073615074157715
0.0	0.4179583191871643
0.0	0.4247511327266693
0.0	0.4190971553325653
0.0	0.4335985481739044
0.0	0.4155026972293854
0.0	0.4051041603088379
0.0	0.4034782648086548
0.0	0.3995978534221649
0.0	0.39632976055145264
0.0	0.39918479323387146
0.0	0.39985039830207825
0.0	0.3946593999862671
0.0	0.3984787166118622
0.0	0.39680856466293335
0.0	0.398690402507782
0.0	0.39973875880241394
0.0	0.3968403935432434
0.0	0.3892900347709656
0.0	0.39103934168815613
0.0	0.3904363512992859
0.0	0.3891788125038147
0.0	0.39215952157974243
0.0	0.3897355794906616
0.0	0.39068880677223206
0.0	0.39209920167922974
0.0	0.37961578369140625
0.0	0.38545817136764526
0.0	0.393453985452652
0.0	0.3894490599632263
0.0	0.3949772119522095
0.0	0.39874571561813354
0.0	0.39368295669555664
0.0	0.39520263671875
0.0	0.39719781279563904
0.0	0.3976026177406311
0.0	0.39732158184051514
0.0	0.39988088607788086
0.0	0.40136003494262695
0.0	0.40105631947517395
0.0	0.3998037874698639
0.0	0.4043613076210022
0.0	0.4077759385108948
0.0	0.4102296233177185
0.0	0.41054069995880127
0.0	0.4063951075077057
0.0	0.4099915027618408
0.0	0.40919145941734314
0.0	0.40796804428100586
0.0	0.42731407284736633
0.0	0.41183099150657654
0.0	0.4098394513130188
0.0	0.41887184977531433
0.0	0.41639265418052673
0.0	0.41475462913513184
0.0	0.4160495102405548
0.0	0.4134610593318939
0.0	0.4093549847602844
0.0	0.4052543044090271
0.0	0.4039950370788574
0.0	0.39923760294914246
0.0	0.4094061553478241
0.0	0.40965980291366577
0.0	0.41676801443099976
0.0	0.4144400358200073
0.0	0.41173219680786133
0.0	0.4282906949520111
0.0	0.41708841919898987
0.0	0.4104333817958832
0.0	0.40537911653518677
0.0	0.3982689082622528
0.0	0.4055742621421814
0.0	0.41101932525634766
0.0	0.4070996642112732
0.0	0.4077666997909546
0.0	0.41839340329170227
0.0	0.4261780381202698
0.0	0.4112369418144226
0.0	0.41345155239105225
0.0	0.4225345551967621
0.0	0.41558030247688293
0.0	0.41821783781051636
0.0	0.40609362721443176
0.0	0.41859522461891174
0.0	0.4199252724647522
0.0	0.4110238552093506
0.0	0.4084557592868805
0.0	0.4099847078323364
0.0	0.40290772914886475
0.0	0.409854531288147
0.0	0.40173253417015076
0.0	0.4094477891921997
0.0	0.40990516543388367
0.0	0.406276673078537
0.0	0.4113995432853699
0.0	0.41610440611839294
0.0	0.41227400302886963
0.0	0.4180399477481842
0.0	0.4135727286338806
0.0	0.41596728563308716
0.0	0.4274310767650604
0.0	0.41935184597969055
0.0	0.4287952184677124
0.0	0.43229788541793823
0.0	0.4489603638648987
0.0	0.4327491819858551
0.0	0.43036511540412903
0.0	0.4352339208126068
0.0	0.43789905309677124
0.0	0.43300381302833557
0.0	0.4246227443218231
0.0	0.41838473081588745
0.0	0.43791696429252625
0.0	0.4454590380191803
0.0	0.4337408244609833
0.0	0.4554968476295471
0.0	0.43365052342414856
0.0	0.4370110332965851
0.0	0.4344189763069153
0.0	0.45357632637023926
0.0	0.4480644166469574
0.0	0.43436285853385925
0.0	0.4519137144088745
0.0	0.44243955612182617
0.0	0.4469902813434601
0.0	0.45003020763397217
0.0	0.43046265840530396
0.0	0.41708308458328247
0.0	0.42034292221069336
0.0	0.4129471182823181
0.0	0.4044269919395447
0.0	0.3973016142845154
0.0	0.39936351776123047
0.0	0.40714943408966064
0.0	0.39563146233558655
0.0	0.39952585101127625
0.0	0.3931694030761719
0.0	0.3964110016822815
0.0	0.4014798104763031
0.0	0.4024423062801361
0.0	0.4019646644592285
0.0	0.3963859975337982
0.0	0.3995171785354614
0.0	0.39823293685913086
0.0	0.3949257731437683
0.0	0.39941519498825073
0.0	0.3939359486103058
0.0	0.39365339279174805
0.0	0.3883305490016937
0.0	0.3894524574279785
0.0	0.391895592212677
0.0	0.39147040247917175
0.0	0.39104562997817993
0.0	0.38875502347946167
0.0	0.39385539293289185
0.0	0.39505359530448914
0.0	0.3925626575946808
0.0	0.3978714048862457
0.0	0.3985212445259094
0.0	0.40039268136024475
0.0	0.4059111475944519
0.0	0.40247759222984314
0.0	0.39824795722961426
0.0	0.4009895622730255
0.0	0.41820693016052246
0.0	0.41151946783065796
0.0	0.3952963352203369
0.0	0.3982428312301636
0.0	0.3960815370082855
0.0	0.3975387215614319
0.0	0.39561256766319275
0.0	0.3978402614593506
0.0	0.4076630175113678
0.0	0.4014767110347748
0.0	0.4019426107406616
0.0	0.41251400113105774
0.0	0.40700334310531616
0.0	0.40853551030158997
0.0	0.3945387005805969
0.0	0.38568007946014404
0.0	0.39876800775527954
0.0	0.4127819538116455
0.0	0.37291809916496277
0.0	0.4053861200809479
0.0	0.41588228940963745
0.0	0.42794379591941833
0.0	0.44682157039642334
0.0	0.42664191126823425
0.0	0.4288090467453003
0.0	0.4145258665084839
0.0	0.4296770989894867
0.0	0.43362200260162354
0.0	0.42969173192977905
0.0	0.4291735887527466
0.0	0.44657471776008606
0.0	0.453092485666275
0.0	0.43733423948287964
0.0	0.39038270711898804
0.0	0.3931989073753357
0.0	0.3803446292877197
0.0	0.39055484533309937
0.0	0.39052629470825195
0.0	0.41826069355010986
0.0	0.40946894884109497
0.0	0.41371607780456543
0.0	0.3908349275588989
0.0	0.4203205108642578
0.0	0.41624507308006287
0.0	0.42557257413864136
0.0	0.43475601077079773
0.0	0.4395330846309662
0.0	0.4343785047531128
0.0	0.4413048326969147
0.0	0.4355943202972412
0.0	0.42703282833099365
0.0	0.45393216609954834
0.0	0.4494209289550781
0.0	0.4541182518005371
0.0	0.43869513273239136
0.0	0.43499451875686646
0.0	0.42778900265693665
0.0	0.4200786352157593
0.0	0.40477705001831055
0.0	0.4111398458480835
0.0	0.4116024971008301
0.0	0.4129961133003235
0.0	0.39923152327537537
0.0	0.40758052468299866
0.0	0.4041077792644501
0.0	0.39911752939224243
0.0	0.5690114498138428
0.0	0.501774251461029
0.0	0.5568088293075562
0.0	0.5320648550987244
0.0	0.5296127796173096
0.0	0.4969879388809204
0.0	0.45713698863983154
0.0	0.45137879252433777
0.0	0.4642968773841858
0.0	0.4697935879230499
0.0	0.4568331837654114
0.0	0.4448408782482147
0.0	0.4762828052043915
0.0	0.4897601306438446
0.0	0.5075751543045044
0.0	0.4898742437362671
0.0	0.4601263403892517
0.0	0.443024605512619
0.0	0.42984798550605774
0.0	0.4271527826786041
0.0	0.42210450768470764
0.0	0.4249192774295807
0.0	0.41496801376342773
0.0	0.40358370542526245
0.0	0.40851840376853943
0.0	0.41044825315475464
0.0	0.4236201047897339
0.0	0.4183841347694397
0.0	0.43089550733566284
0.0	0.4382755160331726
0.0	0.43993279337882996
0.0	0.4396366775035858
0.0	0.4229682385921478
0.0	0.4137371778488159
0.0	0.41626062989234924
0.0	0.419692724943161
0.0	0.4365392029285431
0.0	0.4182843863964081
0.0	0.42213019728660583
0.0	0.42041507363319397
0.0	0.40578511357307434
0.0	0.44644469022750854
0.0	0.4532091021537781
0.0	0.42767244577407837
0.0	0.42772090435028076
0.0	0.43895667791366577
0.0	0.4464295506477356
0.0	0.4714849889278412
0.0	0.446430504322052
0.0	0.46603450179100037
0.0	0.4800206124782562
0.0	0.5015320777893066
0.0	0.4832078516483307
0.0	0.48850205540657043
0.0	0.47245651483535767
0.0	0.4704641103744507
0.0	0.4430258572101593
0.0	0.47050443291664124
0.0	0.4742433726787567
0.0	0.4431735575199127
0.0	0.45715129375457764
0.0	0.45662054419517517
0.0	0.43716269731521606
0.0	0.44506973028182983
0.0	0.44211187958717346
0.0	0.4625082314014435
0.0	0.45980343222618103
0.0	0.443533718585968
0.0	0.4401412010192871
0.0	0.44972261786460876
0.0	0.4385306239128113
0.0	0.45205581188201904
0.0	0.45331183075904846
0.0	0.45115020871162415
0.0	0.44862672686576843
0.0	0.45026835799217224
0.0	0.42747077345848083
0.0	0.42478734254837036
0.0	0.4193665087223053
0.0	0.42143145203590393
0.0	0.40871328115463257
0.0	0.4088513255119324
0.0	0.4074791967868805
0.0	0.40924230217933655
0.0	0.40179115533828735
0.0	0.409583181142807
0.0	0.40419304370880127
0.0	0.3993930518627167
0.0	0.3991520404815674
0.0	0.4004247188568115
0.0	0.400041401386261
0.0	0.39943984150886536
0.0	0.41016581654548645
0.0	0.4200957715511322
0.0	0.4232310652732849
0.0	0.4221894145011902
0.0	0.433278352022171
0.0	0.425601989030838
0.0	0.4378470480442047
0.0	0.41907528042793274
0.0	0.4189787209033966
0.0	0.42398688197135925
0.0	0.4273766279220581
0.0	0.434813916683197
0.0	0.42868277430534363
0.0	0.4360029697418213
0.0	0.4234820008277893
0.0	0.4081228971481323
0.0	0.4084017872810364
0.0	0.40967777371406555
0.0	0.4107532501220703
0.0	0.4063226282596588
0.0	0.4065368175506592
0.0	0.4112860858440399
0.0	0.4190118908882141
0.0	0.41791337728500366
0.0	0.41569599509239197
0.0	0.4169772267341614
0.0	0.4195269048213959
0.0	0.4107665419578552
0.0	0.4149167239665985
0.0	0.411322683095932
0.0	0.4186367988586426
0.0	0.41697853803634644
0.0	0.40816235542297363
0.0	0.41159719228744507
0.0	0.47989630699157715
0.0	0.4663461744785309
0.0	0.48540765047073364
0.0	0.4865534007549286
0.0	0.4975712299346924
0.0	0.49473994970321655
0.0	0.4946446120738983
0.0	0.4899096190929413
0.0	0.48778843879699707
0.0	0.4979581832885742
0.0	0.48667222261428833
0.0	0.48100608587265015
0.0	0.4892697036266327
0.0	0.4934837222099304
0.0	0.49556127190589905
0.0	0.5017176270484924
0.0	0.49331581592559814
0.0	0.49700942635536194
0.0	0.49318867921829224
0.0	0.4801531732082367
0.0	0.47816362977027893
0.0	0.47934675216674805
0.0	0.489025741815567
0.0	0.47900837659835815
0.0	0.45137059688568115
0.0	0.42581409215927124
0.0	0.4362291395664215
0.0	0.41390201449394226
0.0	0.4127291142940521
0.0	0.41640132665634155
0.0	0.4183790981769562
0.0	0.41953304409980774
0.0	0.41852182149887085
0.0	0.4230978190898895
0.0	0.4556642174720764
0.0	0.44401660561561584
0.0	0.42527374625205994
0.0	0.4390392303466797
0.0	0.4427928030490875
0.0	0.42796504497528076
0.0	0.41515403985977173
0.0	0.42278853058815
0.0	0.415169894695282
0.0	0.40851858258247375
0.0	0.40711456537246704
0.0	0.4018448293209076
0.0	0.413873553276062
0.0	0.4379371404647827
0.0	0.4030194580554962
0.0	0.41914600133895874
0.0	0.4037006199359894
0.0	0.4193013906478882
0.0	0.4142119586467743
0.0	0.43016886711120605
0.0	0.43812844157218933
0.0	0.4407259523868561
0.0	0.47424256801605225
0.0	0.4971292316913605
0.0	0.4860338270664215
0.0	0.5490171909332275
0.0	0.4837210178375244
0.0	0.47873374819755554
0.0	0.4886389374732971
0.0	0.48978790640830994
0.0	0.4995715916156769
0.0	0.5018255710601807
0.0	0.47400227189064026
0.0	0.46370983123779297
0.0	0.46382951736450195
0.0	0.4683667719364166
0.0	0.4550744295120239
0.0	0.4555607736110687
0.0	0.44600531458854675
0.0	0.44811874628067017
0.0	0.4227614104747772
0.0	0.41398975253105164
0.0	0.41523319482803345
0.0	0.4107491672039032
0.0	0.4062042832374573
0.0	0.42397797107696533
0.0	0.4129202663898468
0.0	0.42959651350975037
0.0	0.4180739223957062
0.0	0.42215484380722046
0.0	0.4153476059436798
0.0	0.42772936820983887
0.0	0.442518413066864
0.0	0.42842617630958557
0.0	0.4286380410194397
0.0	0.42821741104125977
0.0	0.4169977903366089
0.0	0.40745699405670166
0.0	0.22454379498958588
0.0	0.1945977509021759
0.0	0.2327636182308197
0.0	0.3075770139694214
0.0	0.3048892617225647
0.0	0.2559589743614197
0.0	0.3473570942878723
0.0	0.3976230025291443
0.0	0.36773744225502014
0.0	0.3136518895626068
0.0	0.24407191574573517
0.0	0.27722427248954773
0.0	0.3254006505012512
0.0	0.33359190821647644
0.0	0.4061466455459595
0.0	0.4126981198787689
0.0	0.4190659523010254
0.0	0.39515748620033264
0.0	0.4083777368068695
0.0	0.41656020283699036
0.0	0.40914812684059143
0.0	0.40136799216270447
0.0	0.42450255155563354
0.0	0.4245247542858124
0.0	0.4092719554901123
0.0	0.3516291677951813
0.0	0.3664841651916504
0.0	0.34469401836395264
0.0	0.23541316390037537
0.0	0.21254630386829376
0.0	0.19320179522037506
0.0	0.2045920044183731
0.0	0.17689138650894165
0.0	0.22401869297027588
0.0	0.22256618738174438
0.0	0.26559722423553467
0.0	0.2505797743797302
0.0	0.4623347818851471
0.0	0.4716150760650635
0.0	0.4600016176700592
0.0	0.4610534906387329
0.0	0.44759687781333923
0.0	0.4621638059616089
0.0	0.47941112518310547
0.0	0.4827963411808014
0.0	0.49058443307876587
0.0	0.5020650029182434
0.0	0.5046024322509766
0.0	0.5089708566665649
0.0	0.5077943801879883
0.0	0.5111420154571533
0.0	0.5010859370231628
0.0	0.5161598920822144
0.0	0.5068063735961914
0.0	0.5027029514312744
0.0	0.5029695630073547
0.0	0.5003679394721985
0.0	0.49654072523117065
0.0	0.4908674955368042
0.0	0.47998014092445374
0.0	0.47718220949172974
0.0	0.4857153296470642
0.0	0.45266711711883545
0.0	0.46174681186676025
0.0	0.45725828409194946
0.0	0.4432191550731659
0.0	0.449725866317749
0.0	0.4268852472305298
0.0	0.4055875837802887
0.0	0.405648797750473
0.0	0.4188288152217865
0.0	0.4109645485877991
0.0	0.4071555435657501
0.0	0.3983403146266937
0.0	0.397378534078598
0.0	0.3954196870326996
0.0	0.3917008340358734
0.0	0.3958800435066223
0.0	0.3944830298423767
0.0	0.3950711488723755
0.0	0.3985288739204407
0.0	0.40142256021499634
0.0	0.4091935455799103
0.0	0.4114088714122772
0.0	0.41651681065559387
0.0	0.41420504450798035
0.0	0.4054158926010132
0.0	0.41827157139778137
0.0	0.41055864095687866
0.0	0.41283178329467773
0.0	0.42485663294792175
0.0	0.42110416293144226
0.0	0.4137067198753357
0.0	0.41211163997650146
0.0	0.41178035736083984
0.0	0.4128897786140442
0.0	0.42064327001571655
0.0	0.4273391366004944
0.0	0.4145979881286621
0.0	0.41481664776802063
0.0	0.41631969809532166
0.0	0.41369518637657166
0.0	0.421283483505249
0.0	0.4231485426425934
0.0	0.4194316864013672
0.0	0.4315878748893738
0.0	0.43157047033309937
0.0	0.44272562861442566
0.0	0.4452855885028839
0.0	0.4572232663631439
0.0	0.43975067138671875
0.0	0.42768406867980957
0.0	0.444037526845932
0.0	0.4251205325126648
0.0	0.4235236644744873
0.0	0.416776567697525
0.0	0.41344496607780457
0.0	0.42136380076408386
0.0	0.41432732343673706
0.0	0.41727718710899353
0.0	0.4212341010570526
0.0	0.4167509973049164
0.0	0.407609224319458
0.0	0.41385841369628906
0.0	0.41888347268104553
0.0	0.4248916506767273
0.0	0.4220084846019745
0.0	0.42546895146369934
0.0	0.4284692406654358
0.0	0.4251892864704132
0.0	0.4162216782569885
0.0	0.42312413454055786
0.0	0.4219684600830078
0.0	0.4234156012535095
0.0	0.4134756624698639
0.0	0.4271113872528076
0.0	0.4186581075191498
0.0	0.4182274043560028
0.0	0.4446014165878296
0.0	0.46022799611091614
0.0	0.46826761960983276
0.0	0.4755675792694092
0.0	0.46913355588912964
0.0	0.4435698390007019
0.0	0.4497182369232178
0.0	0.4455257058143616
0.0	0.431240051984787
0.0	0.4297901391983032
0.0	0.42982733249664307
0.0	0.4235381782054901
0.0	0.4245457053184509
0.0	0.42824026942253113
0.0	0.4222818613052368
0.0	0.4157187044620514
0.0	0.4192465543746948
0.0	0.42582830786705017
0.0	0.42393413186073303
0.0	0.4409695863723755
0.0	0.43224838376045227
0.0	0.42715558409690857
0.0	0.44668349623680115
0.0	0.44193100929260254
